function mCmap = colormapDEM()
% Colormap for DEM visualization

mCmap = [
 0,0.400000005960465,0.200000002980232;
 0.0180210191756487,0.419512212276459,0.205031082034111;
 0.0360420383512974,0.439024388790131,0.210062146186829;
 0.0540630593895912,0.458536595106125,0.215093225240707;
 0.0720840767025948,0.478048771619797,0.220124304294586;
 0.0901050940155983,0.497560977935791,0.225155368447304;
 0.108126118779182,0.517073154449463,0.230186447501183;
 0.126147136092186,0.536585390567780,0.235217526555061;
 0.144168153405190,0.556097567081451,0.240248590707779;
 0.162189170718193,0.575609743595123,0.245279669761658;
 0.180210188031197,0.595121979713440,0.250310748815537;
 0.198231205344200,0.614634156227112,0.255341827869415;
 0.216252237558365,0.634146332740784,0.260372877120972;
 0.234273254871368,0.653658509254456,0.265403956174850;
 0.252294272184372,0.673170745372772,0.270435035228729;
 0.270315289497376,0.692682921886444,0.275466114282608;
 0.324985414743423,0.721951246261597,0.309910774230957;
 0.361449062824249,0.739512205123901,0.340521126985550;
 0.397912740707397,0.757073223590851,0.371131479740143;
 0.434376388788223,0.774634182453156,0.401741832494736;
 0.470840066671371,0.792195141315460,0.432352185249329;
 0.507303714752197,0.809756100177765,0.462962538003922;
 0.543767392635346,0.827317118644714,0.493572890758514;
 0.580231010913849,0.844878077507019,0.524183213710785;
 0.616694688796997,0.862439036369324,0.554793596267700;
 0.653158366680145,0.879999995231628,0.585403919219971;
 0.689622044563294,0.897561013698578,0.616014301776886;
 0.726085662841797,0.915121972560883,0.646624624729157;
 0.762549340724945,0.932682931423187,0.677235007286072;
 0.799013018608093,0.950243890285492,0.707845330238342;
 0.835476636886597,0.967804908752441,0.738455712795258;
 0.871940314769745,0.985365867614746,0.769066035747528;
 0.882931172847748,0.985365867614746,0.769066035747528;
 0.872199177742004,0.967749059200287,0.738455712795258;
 0.861467182636261,0.950132250785828,0.707845330238342;
 0.850735187530518,0.932515442371368,0.677235007286072;
 0.840003192424774,0.914898633956909,0.646624624729157;
 0.829271197319031,0.897281825542450,0.616014301776886;
 0.818539202213287,0.879665017127991,0.585403919219971;
 0.807807207107544,0.862048208713532,0.554793596267700;
 0.797075212001801,0.844431400299072,0.524183213710785;
 0.786343216896057,0.826814591884613,0.493572890758514;
 0.775611221790314,0.809197783470154,0.462962538003922;
 0.764879226684570,0.791580975055695,0.432352185249329;
 0.754147231578827,0.773964166641235,0.401741832494736;
 0.743415236473084,0.756347358226776,0.371131479740143;
 0.732683241367340,0.738730549812317,0.340521126985550;
 0.721951246261597,0.721113741397858,0.309910774230957;
 0.700487852096558,0.684150576591492,0.289250046014786;
 0.679024398326874,0.647187471389771,0.268589347600937;
 0.657561004161835,0.610224306583405,0.247928619384766;
 0.636097609996796,0.573261201381683,0.227267906069756;
 0.614634156227112,0.536298036575317,0.206607177853584;
 0.593170762062073,0.499334901571274,0.185946464538574;
 0.571707308292389,0.462371766567230,0.165285751223564;
 0.550243914127350,0.425408631563187,0.144625023007393;
 0.528780519962311,0.388445496559143,0.123964309692383;
 0.507317066192627,0.351482361555100,0.103303588926792;
 0.485853672027588,0.314519226551056,0.0826428756117821;
 0.464390248060226,0.277556091547012,0.0619821548461914;
 0.442926824092865,0.240592941641808,0.0413214378058910;
 0.421463429927826,0.203629806637764,0.0206607189029455;
 0.400000005960465,0.166666671633720,0];
